Danh sách 100 mã đăng nhập (mỗi mã 6 chữ số):

123456
234567
345678
456789
567890
678901
789012
890123
901234
012345
987654
876543
765432
654321
543210
432109
321098
210987
109876
098765
111111
222222
333333
444444
555555
666666
777777
888888
999999
000000
121212
232323
343434
454545
565656
676767
787878
898989
909090
010101
123123
234234
345345
456456
567567
678678
789789
890890
901901
012012
987987
876876
765765
654654
543543
432432
321321
210210
109109
098098
111222
222333
333444
444555
555666
666777
777888
888999
999000
000111
112233
223344
334455
445566
556677
667788
778899
889900
990011
001122
998877
887766
776655
665544
554433
443322
332211
221100
110099
009988
123321
234432
345543
456654
567765
678876
789987
890098
901109
012210
987789
876678
765567
654456
543345
432234
321123
210012
109901
098890 